%Input data for annual net rainfall
net_rainfall = [

0.708416414	;
0.705739253	;
0.702157857	;
0.704350795	;
0.702653739	;
0.709534175	;
0.712820393	;
0.709302124	;
0.716343834	;
0.718607187	;
0.715359191	;
0.714070126	;
0.717673949	;
0.717524932	;
0.719466622	;
0.721601576	;
0.725040175	;
0.730756816	;
0.726282956	;
0.720852704	;
0.728034026	;
0.723558196	;
0.723416066	;
0.719086346	;
0.718652456	;
0.729874449	;
0.732945505	;
0.738953421	;
0.734662001	;
0.726693211	;
0.72500606	;
0.717841972	;
0.71218079	;
0.710062177	;
0.711478274	;
0.710829868	;
0.704642148	;
0.710798976	;
0.712484463	;
0.714215592	;
0.723095895	;
0.729070923	;
0.721314165	;
0.724137843	;
0.723741078	;
0.725925043	;
0.719392242	;
0.715796419	;
0.717588909	;
0.717763446	;
0.720354687	;
0.721793248	;
0.72771962	;
0.731116676	;
0.729929752	;
0.728390598	;
0.723837947	;
0.720634019	;
0.720434603	;
0.717472741	;
0.710036006	;
0.708287403	;
0.705725028	;
0.705846557	;
0.703500451	;
0.702492484	;
0.70650098	;
0.706860703	;
0.702183232	;
0.704186631	;
0.703090996	;
0.694952862	;
0.693432622	;
0.687922016	;
0.691017778	;
0.692156785	;
0.690976039	;
0.688740835	;
0.686290005	;
0.686871421	;
0.689872671	;
0.697627958	;
0.707593228	;
0.707239989	;
0.712938276	;
0.714763788	;
0.715696488	;
0.71424566	;
0.709077472	;
0.705901908	;
0.703039961	;
0.704272975	;
0.703268054	;
0.698855281	;
0.710317971	;
0.713978566	;
0.715784772	;
0.705647428	;
0.706085951	;
0.713269471	;
0.70827551	;
0.702780144	;
0.704895052	;
0.699160109	;
0.701483825	;
0.702605373	;
0.700660851	;
0.708093386	;
0.711054011	;
0.708684785	;
0.712057068	;
0.70235935	;
0.704651777	;
0.704570391	;
0.701541798	;
0.696055768	;
0.692851895	;
0.689940683	;
0.689501999	;
0.682030854	;
0.67863822	;
0.682595954	;
0.682003044	;
0.681666622	;
0.677642117	;
0.675045286	;
0.672360525	;
0.67279581	;
0.670266426	;
0.667129574	;
0.674864883	;
0.682835677	;
0.681416755	;
0.6833258	;
0.679122489	;
0.683779279	;
0.691636281	;
0.687212669	;
0.698037589	;
0.705006711	;
0.713029324	;
0.70546486	;
0.706665952	;
0.702917806	;
0.694753121	;
0.686982781	;
0.682692002	;
0.679591345	;
0.669322772	;
0.678502371	;
0.67843927	;
0.678524313	;
0.674839124	;
0.672028313	;
0.67231013	;
0.673528398	;
0.66968577	;
0.666320025	;
0.665645599	;
0.67741804	;
0.684670909	;
0.678507173	;
0.681867334	;
0.684539858	;
0.678813822	;
0.675311111	;
0.676145906	;
0.672779033	;
0.677101586	;
0.673335528	;
0.677313239	;
0.668089907	;
0.667704345	;
0.671286444	;
0.672825475	;
0.67268139	;
0.669292661	;
0.670187651	;
0.675142056	;
0.674519602	;
0.674571589	;
0.666569695	;
0.662863515	;
0.664236299	;
0.658253732	;
0.651699163	;
0.647579916	;
0.645435652	;
0.643820141	;
0.636383786	;
0.628306382	;
0.632771313	;
0.633433983	;
0.627813421	;
0.631791453	;
0.62727258	;
0.627536945	;
0.633322669	;
0.626677944	;
0.617291253	;
0.609038791	;
0.611913868	;
0.607398242	;
0.607825986	;
0.606763652	;
0.605327374	;
0.606593235	;
0.60625445	;
0.607137503	;
0.609672404	;
0.60733301	;
0.606975955	;
0.614536048	;
0.617580369	;
0.620235647	;
0.624012804	;
0.63212905	;
0.63815893	;
0.645982277	;
0.651747881	;
0.656522544	;
0.667158888	;
0.666939482	;
0.658016146	;
0.660477256	;
0.658635117	;
0.664061299	;
0.666805002	;
0.668048881	;
0.665036747	;
0.657674932	;
0.657497125	;
0.659639619	;
0.660218469	;
0.663819254	;
0.659839591	;
0.657896885	;
0.654254093	;
0.654347455	;
0.655792363	;
0.652866349	;
0.654221386	;
0.654869959	;
0.638760789	;
0.640673695	;
0.640616579	;
0.641369103	;
0.640365485	;
0.637036815	;
0.640585559	;
0.633124922	;
0.625386881	;
0.626098238	;
0.624817529	;
0.629217842	;
0.627319328	;
0.626214356	;
0.619454697	;
0.621439934	;
0.628038142	;
0.634199403	;
0.632235089	;
0.625649971	;
0.627936085	;
0.626816716	;
0.633215239	;
0.62719128	;
0.631725185	;
0.631159349	;
0.641030107	;
0.637363971	;
0.640663621	;
0.637926826	;
0.641242024	;
0.640208205	;
0.644405869	;
0.644918999	;
0.642795573	;
0.644564436	;
0.650576645	;
0.650945983	;
0.657462882	;
0.651060284	;
0.649508924	;
0.645936071	;
0.644797563	;
0.644969468	;
0.627789124	;
0.625543606	;
0.618840344	;
0.61618465	;
0.620115064	;
0.619398887	;
0.614590415	;
0.610669924	;
0.606229797	;
0.607917068	;
0.609174915	;
0.611702304	;
0.610746906	;
0.605997404	;
0.6	;
0.602824119	;
0.6	;
0.601097058	;
0.6	;
0.6	;
0.6	;
0.6	;
0.6	;
0.6	;
0.6	;
0.606706869	;
0.6	;
0.603553919	;
0.6	;
0.6	;
0.602557828	;
0.607035543	;
0.608737712	;
0.602210531	;
0.605353191	;
0.607716884	;
0.603553769	;
0.604373041	;
0.602560653	;
0.601765429	;
0.603386328	;
0.6	;
0.6	;
0.60909081	;
0.6	;
0.6	;
0.6	;
0.6	;
0.605007415	;
0.615690816	;
0.615705393	;
0.609951671	;
0.605856822	;
0.609967756	;
0.610027297	;
0.606407408	;
0.604201069	;
0.613450607	;
0.605758771	;
0.606479448	;
0.606260593	;
0.607405364	;
0.606852401	;
0.608484261	;
0.604979772	;
0.60451704	;
0.604859774	;
0.607658024	;
0.612662799	;
0.620967452	;
0.62795194	;
0.621767865	;
0.623849451	;
0.630409462	;
0.639694313	;
0.637493804	;
0.641497831	;
0.641680874	;
0.638505513	;
0.636666673	;
0.637128146	;
0.636946143	;
0.639174317	;
0.638075724	;
0.636945475	;
0.642131873	;
0.633203381	;
0.633049902	;
0.630624991	;
0.633850015	;
0.633482841	;
0.632087384	;
0.63195828	;
0.632818785	;
0.628158055	;
0.625463841	;
0.628297459	;
0.631738904	;
0.631042414	;
0.625339481	;
0.624324831	;
0.622479985	;
0.623722509	;
0.627403601	;
0.635183492	;
0.63070683	;
0.635995707	;
0.638279686	;
0.641725655	;
0.639460139	;
0.642363994	;
0.645333442	;
0.639675858	;
0.641490964	;
0.63842953	;
0.639810143	;
0.646102763	;
0.646035353	;
0.652042464	;
0.662486811	;
0.666181046	;
0.660167322	;
0.661872278	;
0.667489515	;
0.668691223	;
0.670185369	;
0.675596828	;
0.671622784	;
0.672571962	;
0.671945651	;
0.666443399	;
0.667699151	;
0.671555149	;
0.670262357	;
0.680841108	;
0.682455334	;
0.679622263	;
0.680247755	;
0.678861799	;
0.671698103	;
0.66538394	;
0.659151625	;
0.65905779	;
0.655467961	;
0.653849252	;
0.648222426	;
0.653091867	;
0.644722544	;
0.636717685	;
0.628756383	;
0.624915527	;
0.626157818	;
0.631844577	;
0.632399231	;
0.622116263	;
0.619409934	;
0.615891317	;
0.614131312	;
0.613704759	;
0.611141768	;
0.61021604	;
0.60286809	;
0.602212994	;
0.6	;
0.6	;
0.6	;
0.6	;
0.600786819	;
0.605926526	;
0.602236831	;
0.604290937	;
0.6	;
0.6	;
0.6	;
0.6	;
0.6	;
0.6	;
0.6	;
0.6	;
0.603254725	;
0.603173787	;
0.605176488	;
0.60548087	;
0.608550893	;
0.606107556	;
0.6	;
0.602077986	;
0.6	;
0.602452944	;
0.607696979	;
0.603536066	;
0.604564307	;
0.610618288	;
0.603993587	;
0.6	;
0.6	;
0.6	;
0.6	;
0.6	;
0.6	;
0.6	;
0.6	;
0.6	;
0.6	;
0.6	;
0.6	;
0.603213581	;
0.6	;
0.6	;
0.6	;
0.6	;
0.6	;
0.600138441	;
0.6	;
0.6	;
0.6	;
0.601607964	;
0.6	;
0.6	;
0.6	;
0.6	;
0.6	;
0.6	;
0.6	;
0.6	;
0.6	;
0.6	;
0.6	;
0.6	;
0.6	;
0.6	;
0.6	;
0.6	;
0.6	;
0.6	;
0.6	;
0.6	;
0.6	;
0.6	;
0.6	;
0.6	;
0.6	;
0.6	;
0.6	;
0.6	;
0.6	;
0.6	;
0.6	;
0.6	;
0.6	;
0.6	;
0.6	;
0.6	;
0.600651507	;
0.600744917	;
0.605952788	;
0.605432898	;
0.6	;
0.6	;
0.604789801	;
0.602279731	;
0.600501088	;
0.600347498	;
0.6	;
0.6	;
0.6	;
0.6	;
0.6	;
0.600122318	;
0.608579837	;
0.607876062	;
0.606566444	;
0.604396475	;
0.603838795	;
0.6	;
0.6	;
0.6	;
0.6	;
0.6	;
0.611674644	;
0.613433857	;
0.609081541	;
0.60541482	;
0.610467188	;
0.604255086	;
0.602336149	;
0.603258257	;
0.606122511	;
0.610304774	;
0.616159973	;
0.625658962	;
0.628469684	;
0.630400805	;
0.625702718	;
0.621312159	;
0.623725165	;
0.619580452	;
0.618204684	;
