%Input data for annual temperature
temp = [

6.91583586	;
6.942607471	;
6.97842143	;
6.95649205	;
6.973462607	;
6.904658246	;
6.871796072	;
6.906978756	;
6.836561656	;
6.813928128	;
6.846408088	;
6.859298739	;
6.82326051	;
6.824750682	;
6.805333779	;
6.78398424	;
6.749598254	;
6.692431838	;
6.737170438	;
6.791472962	;
6.71965974	;
6.764418043	;
6.765839342	;
6.809136538	;
6.813475443	;
6.701255511	;
6.670544952	;
6.610465787	;
6.653379994	;
6.733067893	;
6.749939405	;
6.821580281	;
6.878192095	;
6.899378232	;
6.885217265	;
6.891701317	;
6.953578518	;
6.892010245	;
6.87515537	;
6.857844078	;
6.76904105	;
6.709290771	;
6.786858346	;
6.758621572	;
6.762589218	;
6.740749567	;
6.806077584	;
6.842035813	;
6.824110906	;
6.822365536	;
6.796453126	;
6.782067522	;
6.722803804	;
6.688833239	;
6.700702476	;
6.716094019	;
6.76162053	;
6.793659807	;
6.795653967	;
6.825272592	;
6.899639939	;
6.917125967	;
6.942749717	;
6.941534429	;
6.964995488	;
6.975075165	;
6.934990202	;
6.931392969	;
6.978167681	;
6.958133693	;
6.969090045	;
7.050471378	;
7.065673782	;
7.120779841	;
7.089822218	;
7.078432147	;
7.090239612	;
7.112591654	;
7.137099949	;
7.13128579	;
7.10127329	;
7.023720417	;
6.924067722	;
6.927600107	;
6.870617237	;
6.852362118	;
6.843035118	;
6.857543404	;
6.909225282	;
6.940980915	;
6.969600385	;
6.957270247	;
6.967319464	;
7.011447192	;
6.896820293	;
6.86021434	;
6.842152281	;
6.943525717	;
6.939140485	;
6.867305288	;
6.917244897	;
6.972198558	;
6.951049484	;
7.008398912	;
6.985161754	;
6.973946272	;
6.993391488	;
6.919066137	;
6.889459893	;
6.91315215	;
6.879429316	;
6.976406504	;
6.953482231	;
6.954296094	;
6.984582019	;
7.039442317	;
7.071481048	;
7.100593168	;
7.104980012	;
7.179691456	;
7.213617802	;
7.174040464	;
7.179969564	;
7.183333783	;
7.223578833	;
7.24954714	;
7.276394755	;
7.272041899	;
7.297335739	;
7.328704261	;
7.251351172	;
7.171643227	;
7.185832453	;
7.166741999	;
7.208775113	;
7.162207211	;
7.08363719	;
7.127873313	;
7.019624109	;
6.949932886	;
6.869706762	;
6.945351401	;
6.933340484	;
6.970821944	;
7.052468793	;
7.130172192	;
7.173079985	;
7.204086551	;
7.306772276	;
7.214976289	;
7.215607303	;
7.214756871	;
7.251608759	;
7.279716874	;
7.276898699	;
7.264716016	;
7.3031423	;
7.336799748	;
7.343544009	;
7.2258196	;
7.153290908	;
7.214928269	;
7.18132666	;
7.154601418	;
7.211861777	;
7.246888893	;
7.238540942	;
7.272209674	;
7.228984142	;
7.266644723	;
7.22686761	;
7.319100927	;
7.322956547	;
7.287135559	;
7.27174525	;
7.273186105	;
7.307073393	;
7.29812349	;
7.248579437	;
7.254803983	;
7.25428411	;
7.334303052	;
7.37136485	;
7.357637011	;
7.417462682	;
7.483008368	;
7.52420084	;
7.545643478	;
7.56179859	;
7.636162136	;
7.716936183	;
7.672286871	;
7.665660169	;
7.721865789	;
7.68208547	;
7.727274201	;
7.724630552	;
7.666773307	;
7.733220565	;
7.827087474	;
7.909612094	;
7.880861324	;
7.926017578	;
7.921740143	;
7.932363476	;
7.946726264	;
7.934067654	;
7.937455499	;
7.928624968	;
7.903275964	;
7.926669903	;
7.930240454	;
7.854639523	;
7.824196311	;
7.797643528	;
7.759871958	;
7.678709499	;
7.618410695	;
7.540177231	;
7.482521191	;
7.434774563	;
7.328411125	;
7.330605178	;
7.419838542	;
7.395227442	;
7.413648834	;
7.359387014	;
7.331949978	;
7.319511191	;
7.349632534	;
7.423250683	;
7.425028753	;
7.403603808	;
7.397815315	;
7.361807464	;
7.40160409	;
7.421031149	;
7.457459071	;
7.456525453	;
7.442076371	;
7.47133651	;
7.457786141	;
7.451300412	;
7.612392109	;
7.593263055	;
7.593834209	;
7.586308974	;
7.596345148	;
7.629631845	;
7.594144408	;
7.668750778	;
7.746131194	;
7.739017621	;
7.751824709	;
7.707821583	;
7.726806722	;
7.737856436	;
7.80545303	;
7.785600665	;
7.719618579	;
7.658005968	;
7.677649106	;
7.743500292	;
7.720639147	;
7.731832845	;
7.667847614	;
7.728087201	;
7.682748148	;
7.688406506	;
7.589698931	;
7.626360287	;
7.59336379	;
7.620731739	;
7.587579761	;
7.597917948	;
7.555941311	;
7.550810012	;
7.57204427	;
7.554355638	;
7.494233546	;
7.490540167	;
7.425371176	;
7.489397156	;
7.504910763	;
7.540639287	;
7.552024374	;
7.55030532	;
7.722108757	;
7.744563945	;
7.811596559	;
7.838153498	;
7.79884936	;
7.806011125	;
7.854095853	;
7.893300762	;
7.93770203	;
7.920829321	;
7.90825085	;
7.882976963	;
7.892530938	;
7.940025957	;
8	;
7.971758806	;
8	;
7.989029422	;
8	;
8	;
8	;
8	;
8	;
8	;
8	;
7.932931311	;
8	;
7.964460811	;
8	;
8	;
7.974421715	;
7.929644566	;
7.912622878	;
7.977894691	;
7.946468091	;
7.922831164	;
7.964462309	;
7.956269586	;
7.974393465	;
7.982345714	;
7.966136719	;
8	;
8	;
7.909091901	;
8	;
8	;
8	;
8	;
7.949925852	;
7.843091837	;
7.842946067	;
7.900483295	;
7.941431784	;
7.900322436	;
7.89972703	;
7.935925923	;
7.957989314	;
7.865493931	;
7.942412293	;
7.935205521	;
7.937394068	;
7.925946356	;
7.931475989	;
7.915157389	;
7.950202282	;
7.954829602	;
7.951402258	;
7.923419757	;
7.873372011	;
7.790325481	;
7.720480602	;
7.782321349	;
7.761505489	;
7.695905375	;
7.603056874	;
7.625061956	;
7.585021688	;
7.58319126	;
7.61494487	;
7.633333272	;
7.628718542	;
7.630538568	;
7.608256832	;
7.619242756	;
7.630545248	;
7.578681275	;
7.667966189	;
7.669500979	;
7.693750088	;
7.661499851	;
7.665171592	;
7.679126159	;
7.6804172	;
7.671812147	;
7.718419454	;
7.745361592	;
7.717025407	;
7.682610958	;
7.689575859	;
7.746605193	;
7.756751694	;
7.775200146	;
7.762774908	;
7.725963987	;
7.648165079	;
7.692931701	;
7.640042931	;
7.617203138	;
7.58274345	;
7.605398607	;
7.576360056	;
7.546665578	;
7.603241419	;
7.585090358	;
7.615704703	;
7.60189857	;
7.538972368	;
7.539646472	;
7.479575358	;
7.375131887	;
7.338189541	;
7.398326775	;
7.381277223	;
7.325104852	;
7.313087774	;
7.298146309	;
7.244031717	;
7.283772164	;
7.274280383	;
7.280543493	;
7.335566007	;
7.323008486	;
7.284448514	;
7.297376426	;
7.19158892	;
7.175446659	;
7.203777372	;
7.197522447	;
7.211382014	;
7.283018972	;
7.346160602	;
7.408483755	;
7.409422102	;
7.445320387	;
7.461507479	;
7.517775741	;
7.469081328	;
7.55277456	;
7.632823147	;
7.712436174	;
7.750844734	;
7.738421822	;
7.681554227	;
7.676007691	;
7.778837372	;
7.805900662	;
7.841086831	;
7.858686879	;
7.862952408	;
7.888582319	;
7.897839601	;
7.971319099	;
7.977870059	;
8	;
8	;
8	;
8	;
7.992131812	;
7.940734744	;
7.977631687	;
7.957090629	;
8	;
8	;
8	;
8	;
8	;
8	;
8	;
8	;
7.967452751	;
7.968262126	;
7.94823512	;
7.945191295	;
7.914491066	;
7.938924436	;
8	;
7.979220141	;
8	;
7.975470556	;
7.923030213	;
7.964639336	;
7.954356925	;
7.893817125	;
7.96006413	;
8	;
8	;
8	;
8	;
8	;
8	;
8	;
8	;
8	;
8	;
8	;
8	;
7.967864189	;
8	;
8	;
8	;
8	;
8	;
7.998615589	;
8	;
8	;
8	;
7.983920364	;
8	;
8	;
8	;
8	;
8	;
8	;
8	;
8	;
8	;
8	;
8	;
8	;
8	;
8	;
8	;
8	;
8	;
8	;
8	;
8	;
8	;
8	;
8	;
8	;
8	;
8	;
8	;
8	;
8	;
8	;
8	;
8	;
8	;
8	;
8	;
8	;
7.993484925	;
7.992550828	;
7.940472123	;
7.945671019	;
8	;
8	;
7.952101994	;
7.977202686	;
7.994989122	;
7.996525016	;
8	;
8	;
8	;
8	;
8	;
7.998776821	;
7.914201626	;
7.921239381	;
7.934335561	;
7.956035246	;
7.961612054	;
8	;
8	;
8	;
8	;
8	;
7.883253557	;
7.865661428	;
7.909184589	;
7.9458518	;
7.895328123	;
7.957449141	;
7.976638508	;
7.967417428	;
7.938774885	;
7.896952265	;
7.838400275	;
7.743410382	;
7.71530316	;
7.695991955	;
7.742972815	;
7.786878405	;
7.762748355	;
7.80419548	;
7.817953158	;
7.861548094	;
7.915963726	;
7.945218347	;
7.938697811	;
8	;
7.936084993	;
7.836545519	;
7.750164986	;
7.701391795	;
7.581754435	;
7.58950016	;
7.609909341	;
7.566952429	;
7.584161736	;
7.605369981	;
7.568398752	;
